"2","3","4","5","6","7","8","9","10","11","12","13","14","15","16","17","18","19","20","21","22","23","24","25","26","27","28","29","30","31","32","33","34","35","36","37","38","39","40","41","42","43","44","45","46","47","48","49","50","51","52","53","54","55","56","57","58","59","60","61","62","63","64","65","66","67","68","69","70","71","72","73","74","75","76","77","78","79","80","81","82","83","84","85","86","87","88","89","90","91","92","94","95","96","97","98","99","100","101","102","103","104","105","106","107","108","109","110","111","112","113","114","115","116","117","118","119","120","121","122","123","124","125","126","127","128","129","130","131","132","133","134","135","136","137","139","140","141","142","143","144","145","146","147","148","149","150","151","152","153","154","155","156","157","158"
"2",0,2.79328927968444,5.90812838384543,6.84949523687695,8.1613004478453,9.58805147045008,11.1666622587056,12.3945132215832,13.8752649344076,15.5834895001088,16.917792202294,18.2705814904726,19.8980114835629,21.4442120396157,22.5920857160201,24.589214668224,26.3343030095729,26.8381526189863,27.0355144578386,29.7195519986422,32.5321019302473,32.7349657858382,29.0930959163854,26.7799010080321,22.9974744265539,21.584404948944,18.5643960849794,19.951602391788,20.6066313840958,19.5241721463421,22.7428098088165,22.694968186803,22.7686539127811,19.3810576078809,17.5979060686208,15.3031092592323,13.3974446444089,12.2008059979659,15.9152236867724,18.6044045053853,22.3259038114922,24.2328521433198,27.8883048068541,29.5742826455689,33.2416025185309,35.4748763493264,36.8930689561061,40.1278404851295,43.0466731002525,41.7229971838074,42.3705231853467,38.8529373921715,40.0584986862963,39.76706643694,37.0550008770746,33.7553848444956,31.4029873897373,28.5605010635318,25.2993341611988,22.0888188457418,18.8916496368104,16.0545515664562,12.5260678586698,10.2535481663666,6.44604661788914,7.1960382155739,9.36658614437512,11.2703729308306,11.6944844264294,13.1136605492136,15.5711508566323,15.7759200048682,18.4741139165049,21.4190484849351,24.1123401187027,27.3670578067866,28.3126886925279,31.0302858994241,31.2815918233072,33.2695397172849,36.2916307982984,35.3790782949471,35.666235041002,31.9638011976048,30.5746464574817,30.3626999128865,32.3386162041606,29.0483316904775,28.3710484473169,25.6504689625745,26.1584947770318,26.3071336523005,25.8785062358707,23.2930233546442,21.1687913211879,21.2717149285148,18.9033429318732,22.06442716229,23.8972737147985,23.6676652629701,20.01479455303,18.4982390783555,15.3280390787602,17.949152486956,19.2112076403333,18.4975798687288,19.1722901344623,22.5765847284305,23.4224452609031,22.4734811722617,24.7590609878485,27.5927641601924,27.2477732851696,27.5775684388599,30.4817519509624,32.0659360381075,31.6996846356553,33.7667248781992,37.0558601438423,36.2224108667549,35.4815801508332,35.5297239786633,38.3033386142775,38.2828040770265,35.0877633085952,35.0493546017612,32.4522715383685,35.2371340633713,38.8922937611039,40.2899096797201,39.4940750619634,40.2079129898581,43.5940789213398,44.7067511009243,43.5227683862137,48.4841612178658,49.0505230247344,47.2744824826248,49.2483276467334,48.1171024273075,44.5324229971826,44.7261867478103,46.4253761858749,43.5498801605699,41.0764255626022,43.2377492013634,43.6199523727388,39.8608813123845,39.3994520266463,42.0120682066475,40.411726577814,37.1619959770731,38.9665531193099,37.5554166798879,39.5711394074015
"3",2.79328927968444,0,3.78491770055836,5.78231441552602,7.92202108050717,8.55156909578587,9.52393684355372,11.4101338730096,13.1332965397116,14.2097858534181,15.4967526275668,17.354007174137,18.8360496389238,19.9799968718716,21.341246121068,23.5892774582012,25.0296868937668,25.3045433272367,25.6123242404902,28.2749783731129,31.2772516215859,31.737915558524,28.1384619871094,26.105614357835,22.3629756740913,21.3360324334212,18.6689836091845,20.5139864726484,21.5641734365127,20.92625649752,24.3456380281972,24.3766742194254,24.0715879409731,20.6109497355168,18.4225052856554,16.1908151740423,13.7022372625787,12.6559284922127,16.3266888866053,18.6086724405585,22.3090973820099,23.8152117353594,27.3558668296218,28.7507364949143,32.3391146910363,34.4928381696839,35.6533973696757,38.8805367889899,41.7496568848176,40.5340140992722,41.3994710835779,37.9462830986119,39.1001321481143,38.998651386939,36.4359636760166,33.2063263400214,30.9455617173126,28.3392675628711,25.0464782753983,22.0866054657568,18.6470290663151,16.1408073218163,12.4044555301714,10.4875601070983,7.00203956001392,6.43887715366585,8.04979335138487,9.28964461107097,9.81098063396315,11.8428102239291,14.3496165105553,15.057547376648,18.1266996996144,20.9805230392381,23.9774483004343,27.197339980226,28.4658454643455,31.2249065651124,31.2996180487878,33.0005618133995,35.9145267684262,34.747222651602,34.9500655650315,31.1894560067982,30.0774734477482,30.1571832404819,32.3969924067034,29.2830727383586,28.3434778564664,25.4509867981577,25.5539097595652,25.1009656387956,24.410890848144,21.6332912428969,19.8729054996998,20.0389792404703,17.5421184866595,20.7111392974892,22.2957367673733,21.799550499953,18.1857489810016,16.3056411097509,13.0032996197119,15.5020013546639,17.0860871471499,16.6115448408629,17.7440585549079,21.0075678030561,21.6302564247399,20.9876371466633,23.4996005072427,26.077691941581,25.7026293207524,26.3728315506697,29.2473943283842,30.6092399938319,30.4220000164355,32.697221716837,35.8416788948286,34.8656197707713,34.3084866031715,34.3052260012961,37.2418561567492,37.1736365856234,34.1305627993445,34.3067149549472,31.9425160092313,34.8993611116307,38.5756322436846,40.0049549556052,38.987810428389,39.5619273797423,43.0500955167349,44.1285443562327,42.7220622746608,47.756784397612,48.3008569903268,46.3766987289954,48.4046169802014,47.4765183327506,43.827964874039,43.9076801254632,45.7871888086613,43.0600876566688,40.4323746520038,42.5858611395848,43.2079815774817,39.4911018078757,38.8577288708437,41.6000748316635,40.230844932713,36.9072286415548,38.5752235638369,37.2489533946928,39.4463747510465
"4",5.90812838384543,3.78491770055836,0,3.83881413980932,5.81271416809738,5.35128489243471,5.87712336096495,8.35596080651411,9.9587120653225,10.5522385302835,11.9828015088292,14.0710626819725,15.3132698010582,16.2997416237191,17.8781995737826,20.1485457787901,21.3826627434471,21.6701616283774,22.1896220112015,25.0042941512053,28.0454564056283,28.7537958885431,25.2732111335303,23.3687711914854,19.6880354784321,18.8482667107615,16.5812023991024,18.9809648595639,20.3123752919249,20.313950994329,23.9558112573964,23.9185010817986,23.0302862769875,19.4956886259501,16.8844660857251,15.0291437547187,11.974870270696,11.6896621850249,15.2240612190046,16.8381832155372,20.4691960272015,21.6300376791165,25.0692491311567,26.3677553652183,29.8207214030781,32.1227385040566,33.0999907854972,36.1785477182266,39.1527663390468,38.2000158246041,39.2825488735138,35.8027830342838,36.6812136931154,36.5509466088089,34.2190803061684,30.9475492567667,28.9905185879798,26.5456981825681,23.4446616951493,20.8022409129401,17.2953261605556,15.450319252365,11.77359082863,11.0228869630419,8.2781479812818,7.68526180425885,7.37671315695547,7.82920436570665,9.7007088916223,11.8280622250646,13.549054505758,14.1487471176779,17.5974457237407,19.939259590065,23.0908537953883,26.0139096254292,27.3810932944614,30.2348361662503,30.445743117881,31.8453612006521,34.8048731501783,33.5802541086276,34.0278704740687,30.3106981443846,29.2751919720435,29.8053783569342,32.1274847599373,29.1314516802716,27.7164566819065,24.9389520429388,24.6637155757197,24.0250427262888,23.4577838254171,20.3051706715309,18.8591162306191,19.6657795421387,17.5610080291537,20.9826886027506,21.9420448910306,20.8211782087374,17.1557423039634,14.9810765300762,11.307699456565,13.0837622265157,14.6962673492285,13.778706397917,15.0158927806508,17.9985778049267,18.8790333703821,18.6890052437255,21.0497870298015,23.4589551557609,23.4760822114764,24.3999851229463,26.9747269309626,28.3877848906885,28.6090865810148,30.8485287493585,33.9020481682154,33.0899799335086,32.9106012555225,33.200183508529,36.3289183158541,36.531891122689,33.6839062610024,33.8035547391099,31.6057621486969,34.5555745430459,38.298119131362,39.4739501063676,38.1375999769257,38.8386156550411,42.4141250292871,43.2089534818885,41.6169763558094,46.8604495710402,47.1507587849867,44.9940931567689,46.8646797172455,46.1164286887005,42.4632640643651,42.2353399654839,44.1497563866439,41.6080600004374,38.7691229459734,40.7003926885233,41.5025467411338,37.8504819784372,36.8930472175991,39.6039761892667,38.4733513227013,35.0040682492764,36.3741534746858,34.9263050865676,37.1608326198432
"5",6.84949523687695,5.78231441552602,3.83881413980932,0,3.80104380400963,5.60298759591702,5.26872821466433,5.90908952377606,8.43325856356841,9.87268160126721,10.3648950790638,11.9990395032269,14.0898312977835,15.1962941206072,16.0023652626729,18.3397826322997,20.1269127786653,20.2939965753422,20.2581569990955,22.8737927331695,25.7228483065154,26.0328533203719,22.4226826896337,20.3245048402169,16.5809545262026,15.6723583419982,13.2585848792396,15.502820291805,17.1105296235973,17.2369865985908,20.9324338527559,21.3160687276055,20.3475169492496,17.0440660935118,14.1680548065004,11.8580804517426,8.69759058590366,7.97251114768741,11.4324061334436,13.1584401051188,16.8177562712747,18.1586853599042,21.6913934545478,23.1807978508075,26.7502390830437,29.0790815020007,30.3490357013201,33.4858353486963,36.4874678485641,35.3730498967788,36.2221020648996,32.6736417468271,33.642578646709,33.3874271844957,30.8885415162322,27.5862927012674,25.4962543523554,22.9144370648724,19.7828292718711,17.023640533094,13.5799461339138,11.6996496101379,8.11917908411928,7.95990458485527,6.00062746719041,6.44523661318962,5.16957996359472,6.65951567308014,9.19809550939759,10.1027048853265,11.1223672839913,10.9362537004223,14.2424578637256,16.4590885227585,19.4560679223732,22.3488337503325,23.5918104858444,26.4486803829605,26.7628030295782,28.2768128331324,31.3406349169892,30.3248257043631,30.9626839114441,27.3201100656641,26.0103065149183,26.4879089586173,28.6428648183103,25.5773464026275,24.1227631294593,21.5128887181615,21.4446978062177,21.4902497891486,21.4322405734911,18.4057427451326,16.4712931186352,17.6235519972564,16.085306493816,19.769275429312,20.6384694684465,19.5927123696542,15.7940117133045,14.3535106507084,10.9338149334987,12.8751620572325,13.4744489312179,12.0451979643342,12.4617396056891,15.7869461581396,16.9216525493227,16.1734577935579,18.2501824648413,21.0337969230474,21.0797508049787,21.550268211788,24.1597262194753,25.8739343935166,25.9078913267753,27.8833462123899,31.1100283831436,30.5261749651017,30.2134885274773,30.714561546602,33.7175263327546,34.157608010515,31.2081699719801,30.9976848651637,28.6153490455734,31.3847853903767,35.1538204324935,36.1656855181815,34.8930836413178,35.8051656887662,39.3206916012422,40.021165437803,38.5915232790829,43.8533820816593,44.0625336311928,41.986404430482,43.7576410813015,42.8489145370102,39.2480505120955,39.0656438574868,40.8241190841885,38.1802183466779,35.4312530966659,37.3641408973898,38.0011512457189,34.3133574282669,33.4758914593772,36.1299069746934,34.8582887130163,31.4360394770079,32.9485624117351,31.5474039026986,33.7719884667752
"6",8.1613004478453,7.92202108050717,5.81271416809738,3.80104380400963,0,3.82142774365812,5.4113936282625,4.99096754146929,5.91567206663791,8.47198630782652,9.72412679884421,10.3051414837449,12.0899777501863,14.0656934773939,14.9439799919566,16.5884695195187,18.6270494174467,19.4658434443514,19.7174780081024,22.6801307315456,25.1952397289647,25.4391221939752,21.9690629067332,19.4496588401956,15.6994813608603,14.0555514299511,11.3494159761637,13.5862036272095,14.6353352541033,14.8423437839177,18.5487498500573,18.4509722237068,17.2999945664731,13.8024373572206,11.0737603820924,9.44069457190518,6.51068245270801,7.32149096837523,10.7856627983634,12.3441583755232,16.0003316215633,17.719378939455,21.3492711350997,23.3022621434057,26.7920838495254,29.4975311678791,30.9402454741393,33.8440534363129,37.0737300254506,36.1668004252519,36.9537641113865,33.2733937703986,33.9228561297542,33.2637347873025,30.8451465712193,27.3329587677588,25.54991048908,22.7258832611628,19.9766025139412,17.1764979259452,14.1874709867545,12.6114238292114,9.65442660130574,10.1381171328802,8.25999661016879,9.87460424523433,8.70372064119707,10.1494848637751,12.9716118890445,13.6102613494378,14.0965644750769,13.1250732950334,16.1309661830902,17.8555024852285,20.4547300397732,22.9894523640734,23.7201495779432,26.6315486218883,27.4773406646276,29.1137769105968,32.4109506340064,31.75009681875,32.7889772484596,29.3055798441184,27.6744690102629,28.1849832534987,29.9928977426323,26.7804448618764,25.2231657212175,23.0656925107398,23.2262531201225,23.9325199258248,24.2850965408828,21.1990894615783,19.1809637661928,20.7368788635127,19.5579926628476,23.3147478862629,24.0333636014604,22.8075498464872,19.0232535597883,17.6445542306968,14.1643644756833,15.493388977238,15.8855562697691,13.6937670492819,13.4365728517357,16.4476617487107,18.3332278390904,17.7550700646322,19.1740948678158,22.0993672986355,22.7242326603122,22.9876548173144,25.2060572283727,27.3181080787085,27.5940439406768,29.1869926165749,32.4948772270338,32.3182717669123,32.178741880316,33.0441565333419,36.0069118920243,36.7540992135571,33.8149886736636,33.2846967989796,30.76168768127,33.2595803641597,37.0458027447105,37.7398918254941,36.460911316093,37.7119097633625,41.156127781899,41.5984318093844,40.2978582185207,45.659122002071,45.6217234659104,43.5061474391838,45.0031307466492,43.9992858237495,40.5063585255451,40.1247397997794,41.6263326393282,38.9809304532357,36.2269916774772,37.8634534214723,38.3198608296011,34.6523290126364,33.6673870236465,36.0199463908541,34.6558344582842,31.1523294153102,32.4637997005896,30.6590784108068,32.5413161841988
"7",9.58805147045008,8.55156909578587,5.35128489243471,5.60298759591702,3.82142774365812,0,3.78693979355363,5.58715571646254,5.23242104574928,6.33588746743501,8.79648281985477,10.0144537045213,10.6632723870302,12.4442207068181,14.2529683224232,15.8394937103431,17.1761143452179,18.1683384765916,19.1053163543554,22.3605770050775,25.0672470566674,25.863336714353,22.6212962714341,20.4268315947432,16.8422435856984,15.5299660656423,13.4708895400415,16.2464842042825,17.3082629399949,17.9022934005674,21.5904474478877,21.1084116408601,19.6209994138933,16.0023364856511,13.2923898904599,12.4714254999178,9.38081851439415,10.8305294422757,14.0060971723032,14.8740490788487,18.3301696118721,19.5276612014854,22.9327877502932,24.5916879656521,27.854768011958,30.6159219198116,31.6586888863073,34.3977950020056,37.6652196860711,37.0837957738956,38.2257083126003,34.605314548491,34.9863809217244,34.4350364309376,32.3432701655228,28.8618732067065,27.418382264459,24.8865884765269,22.3070184919455,19.8996166043469,16.8071504128451,15.7293012241485,12.6978433995699,13.2809525637282,11.2140081148535,11.8504130307766,10.4129359452558,10.7887310189846,13.7926734536855,15.2461830633113,15.8059398961277,15.4478633797687,18.8112381835965,20.3322496787739,23.1833751856799,25.5451603635601,26.5022108134397,29.4423817650679,30.2337301701262,31.5375128695971,34.7401950627799,33.8412322766178,34.8575210392248,31.3467702961565,30.0258143103563,30.8757464201272,32.9019788614606,29.8616458521629,28.0388066971474,25.7872605175501,25.499215478128,25.4789353388245,25.493047405126,22.1011301520986,20.6804930550507,22.3356592694283,20.9609271980034,24.6323264228128,25.0517030957977,23.4069045369096,19.7423236221069,17.707647895754,13.9674990245212,14.6028742376287,15.6700913845453,13.5395173473799,14.0024957061232,16.4607147171683,18.3273832556642,18.5370265954387,20.0803335131666,22.5357530382279,23.4092726499565,24.2292854620189,26.2014461623781,28.0745674410132,28.7842215284694,30.5784441396223,33.6578203691208,33.3933563751834,33.6166299470961,34.4875110293567,37.670937577926,38.3871909235359,35.6656230704021,35.387149659163,33.1428979270069,35.7965913740401,39.590867494916,40.2740089015236,38.7306587343928,39.8653221735382,43.4125761272007,43.7567067887884,42.1905166951058,47.6590395832732,47.5298570795242,45.1943608097294,46.6750643813161,45.9393938249081,42.4033488418073,41.7799027524,43.447333232317,41.0292144818786,38.059853467926,39.5462194779729,40.2833174651741,36.7086711282226,35.3986132355492,37.7847883678075,36.7327797750184,33.1072632816426,34.0750396184656,32.1728643580269,34.1030511978034
"8",11.1666622587056,9.52393684355372,5.87712336096495,5.26872821466433,5.4113936282625,3.78693979355363,0,3.7998165745204,5.35667144783026,5.00488970907452,6.16102872903544,8.54922955593075,9.74811381755466,10.4640086964796,12.0538950966067,14.3994858936005,15.5614626883208,15.8289795628145,16.4575915005811,19.4723367113452,22.4505981657505,23.3844550289289,20.0893654952067,18.3314972656355,14.8234309793651,14.329779377227,12.9070428061582,16.0811558042325,17.9230336996838,18.9932749677353,22.7944251517778,22.8457515744175,21.0735238866213,17.7258226325325,14.4797929543209,13.2528501462893,9.58731625638791,10.570588299617,13.2930109079922,13.6059480007826,16.8853424306408,17.4702531464201,20.6734893764937,21.8926107168606,25.109600594195,27.6681840748539,28.4897091771748,31.3117446336035,34.4662037799349,33.8733598864949,35.1689199862606,31.6417149661645,32.0921926486801,31.8308113154535,29.8221438196519,26.500055811262,25.0361168514608,22.8440445411928,20.1728336383365,18.1335783561877,14.8073516875909,14.2252969740529,11.2523308696465,12.415432090749,11.1880467017259,11.0374733521762,8.56446460673403,8.13672354206532,11.6221835297848,12.9825222125749,13.0524699961348,13.0225311671733,16.6134406731417,17.9109314665653,21.0410895630431,23.3458891670461,24.7417151588163,27.6613833529706,28.1459074289674,29.1097619536814,32.1388416717218,30.9708835037039,31.8928925310954,28.371343235737,27.329535268643,28.4844045049216,30.7683684650324,27.9866069040175,25.8994397622806,23.4952344529694,22.770767861449,22.2412114103526,22.1607592153338,18.6463022339551,17.5312844366863,19.4161154199289,18.2695933178601,21.9414535981552,21.9666662240769,20.036504909789,16.4650747037479,14.4169809946466,10.7673398757539,11.0615959517603,11.9401777624958,9.80428829645477,10.6472341478902,13.0783953144107,14.666119664042,15.0532193898847,16.8385234804005,19.0827506927067,19.8538408122962,20.934733650085,22.9249362485482,24.5797519108717,25.3868289473105,27.3629657201116,30.3114491405475,29.9145733548048,30.2687009301688,31.1243832709983,34.4136898486634,35.1430392823387,32.5808847946154,32.4386725684021,30.4348720713592,33.2070119553085,36.9867097482325,37.6844352750575,35.9333780627427,36.9301465066143,40.5473510972049,40.8586467470473,39.0998471352511,44.603974811669,44.465789647773,42.0231694663789,43.5750172690729,43.018547348789,39.4288723653112,38.7475512129476,40.6044958840767,38.3221920823953,35.2373727879931,36.7854226290796,37.7682772310308,34.244655656029,32.8398531969922,35.427568714209,34.6130937218851,30.9779441054438,31.9101180505494,30.2852791963356,32.5404464320943
"9",12.3945132215832,11.4101338730096,8.35596080651411,5.90908952377606,4.99096754146929,5.58715571646254,3.7998165745204,0,3.78923857786759,5.33572272517979,5.0051142844095,6.09822056013063,8.56057690812949,9.78155815808504,10.2561971997422,12.4468047305323,14.4425759821439,14.8035899024527,14.8189146026286,17.723450595186,20.3560132147727,20.8009373586865,17.374257739541,15.2032714242692,11.5412436938139,10.7146708302215,9.13765801504959,12.349961214514,14.4200572467657,15.7883208733545,19.5934329814864,19.9377116289709,17.9806509615197,14.8986095324362,11.3778585858676,10.023100667957,6.23884452442919,7.64629406967846,9.86946609498204,9.9047609259386,13.1946431933569,14.0548518668821,17.4267737978089,19.04124738561,22.3752766239884,25.111289214216,26.3176855175374,29.1291394654906,32.3913399691955,31.6882365555422,32.7119983645145,29.0638650905209,29.5042547609663,28.9685809283092,26.8004148102226,23.3531170082283,21.8603417402382,19.4375996717702,16.8896147084532,14.7796223903048,11.7319753664931,11.4701612020058,9.14151464474023,11.1991005888866,10.8298909043443,11.6094680326017,8.81110583298146,9.19745671367906,12.8563546155199,13.1248296369896,12.3903199716553,11.2965317686447,14.5050325404668,15.3767847094248,18.1695247048457,20.2611453032646,21.3574008015957,24.2976739833261,25.0712241623739,26.1724981421339,29.379795676621,28.5460926397992,29.789936757234,26.4188866722275,25.0032688662903,26.1201418449441,28.1109636618882,25.2453813993768,23.0748045712201,21.0270986586357,20.5749098418438,20.9712636481448,21.5333680366077,18.2113554959536,16.6041167786787,18.8967228375716,18.3876998561538,22.2082876422294,22.1589323073112,20.3344585617616,16.7389260408188,15.4866188369185,12.2592261582858,12.6549619122303,12.378376347486,9.4912634037835,8.90165338574807,11.5892047181849,13.7923837678626,13.5869859056378,14.7373553597652,17.4648610071767,18.4823108133155,18.9776016134811,20.8462340963542,22.9709669365484,23.6530811946351,25.2061908863676,28.3591980316792,28.3366569129105,28.5997063970944,29.7747837607597,32.8990725249208,33.9426346355141,31.2950985619154,30.7331426313679,28.5183077688702,31.0061187671079,34.7943698319139,35.2300592960046,33.548593249196,34.8583238983173,38.3781273513964,38.5198204045657,36.9730422064509,42.506752628259,42.2192710619215,39.8562796808734,41.2231478419589,40.4697196679196,36.9714694595711,36.2779935635917,37.8903914469091,35.5012632732978,32.508065137747,33.9610099084229,34.7138452350067,31.1559121997736,29.8199528839333,32.2536685820388,31.2625766532447,27.6337255722061,28.6460331285154,26.9246540182042,29.0727526388541
"10",13.8752649344076,13.1332965397116,9.9587120653225,8.43325856356841,5.91567206663791,5.23242104574928,5.35667144783026,3.78923857786759,0,3.81206085995489,5.51843727879551,5.10668160354647,6.20948548593199,8.677549942236,9.80940762737485,10.9553934205943,12.8779101565433,14.1795934003765,14.9256011939218,18.2979636571942,20.6077612806438,21.2484877108937,18.166713544282,15.7568715486292,12.3390564874305,10.8331281724163,9.37179102413194,12.6404533542116,14.0053210602256,15.5728231544573,19.2585390152005,18.9422513973392,16.6801384886337,13.4250607819853,10.173669003855,10.1126003579693,6.96933641030479,9.75659274542091,11.8002070320821,11.5152892278049,14.5068239115252,15.5152579740074,18.7577897951758,20.6608786115209,23.7367976146741,26.7992038874292,27.9772934001844,30.4591479362112,33.9087032780671,33.5351589976848,34.6315485359809,30.9364064655221,30.9720440397466,30.1032317866371,28.1763525496115,24.5981087687651,23.5644738112269,21.0772826996271,19.0202656132873,17.0543262839668,14.5068340102174,14.4589779375999,12.4592754604752,14.3965082919436,13.5603088460403,14.7096680112095,12.3185093659907,12.6603947410813,16.2736932194263,16.8251291228329,16.175598226959,14.9379429976152,17.9479586025821,18.5239388090114,20.998979999038,22.7296400323454,23.4182429742284,26.3530441125878,27.5462431921306,28.651497726995,31.9756536915197,31.3633792822138,32.877195759371,29.6457417178252,28.1030915559125,29.2836311443783,31.047857430103,28.1281251952561,25.8885886251066,24.1708431586488,23.808622093687,24.4280499835742,25.0945078851927,21.7022658264062,20.245430570872,22.6531469116324,22.1452675079801,25.9526624645719,25.8392595482146,23.8541854189155,20.330286963051,18.8408303957124,15.4795041587255,15.3909133582124,15.3999037009976,12.27656531771,11.5745858673216,13.4902345791317,16.2108981552535,16.4801648353407,17.1039983044901,19.6433741246253,21.1966416679624,21.7280168906414,23.1378214402307,25.4453066988787,26.4621969042633,27.7614244231091,30.8460214290271,31.1075428473546,31.6164015820903,33.0247490982142,36.1592691297819,37.376758674342,34.8065608039634,34.1193629043685,31.8909153992167,34.2148089867531,37.9874628923807,38.1980186266251,36.4642557307838,37.9760776542286,41.4461582538117,41.372345896746,39.857901713462,45.4584863144386,44.95906524829,42.511816016256,43.6436696096925,42.9067832982152,39.5104492128348,38.5801297042921,40.0179292442775,37.7246033643828,34.6880340463394,35.8138691710348,36.4965689620271,33.0280673670138,31.4613844100987,33.5966478387353,32.6431526970052,28.9406958451244,29.6107797094234,27.4640373761761,29.2532464352249
"11",15.5834895001088,14.2097858534181,10.5522385302835,9.87268160126721,8.47198630782652,6.33588746743501,5.00488970907452,5.33572272517979,3.81206085995489,0,3.80861733441416,5.32644393568542,4.97980541788532,6.12959452166291,8.44018755715772,10.0992980449138,10.9577531456043,11.9116681031667,13.2606679696009,16.7673676526758,19.4433666066348,20.7291940509032,17.882892858819,16.157123784882,13.0839833002033,12.554238248496,12.0664713566146,15.6619816434575,17.3924048365946,19.2332814932866,22.90998989524,22.6336989464824,20.1832067818769,17.0438639105104,13.7626784093795,13.7450694432586,10.3923030171373,12.7341866642515,14.605752496876,13.7946878906338,16.4586498838757,16.6474759047731,19.4821039418231,20.7875974802284,23.5875445309596,26.5178911868949,27.1808978880389,29.553961172743,32.9380390126674,32.8402913659425,34.3336078209092,30.7814149934664,30.644649386149,30.0788138728907,28.4984683623524,25.1009974901397,24.3285243695544,22.3333058457542,20.3487483644572,18.8907909045651,16.1445855010279,16.5339958570214,14.3942794540053,16.3824187164167,15.5919602359678,15.872344911827,13.1021189507652,12.4808529756584,16.1864403436951,17.2311720437119,16.4963419581433,15.9362280668921,19.2523520121569,19.6570239100429,22.4584366552973,24.0676907076686,25.2022457729465,28.1067467701262,29.0209596326517,29.680436822931,32.7844889696332,31.809591886725,33.2004724213376,29.9533131723354,28.8424242219686,30.407091491953,32.4884271549116,29.8493969620828,27.3386626776073,25.4313144567873,24.5087157966304,24.2351890027703,24.54532945389,20.9152550546246,20.1261756675231,22.6354497415006,22.0699758269011,25.7366041466235,25.2220420664148,22.8094452804096,19.5209018234302,17.5692768775496,14.2375040298502,13.323801784776,13.7429226149317,10.7538610740515,10.9291374774042,12.1286449779025,14.622444221128,15.7355826393559,16.5982600895395,18.5062934970782,20.1964171575059,21.3643000821464,22.5632385308492,24.4811764627438,25.9096820706083,27.4922896463718,30.2710352317194,30.3545906577572,31.2249987189752,32.588375059214,35.9364008214512,37.0983242883018,34.7990791113788,34.4162792439857,32.5526607975446,35.070012061589,38.8172745179256,39.0672491353051,37.0353665838479,38.3371638231103,41.9131486051812,41.7750887132511,39.9411429105377,45.6092082150085,45.0590284404802,42.3896399253402,43.5670848347695,43.160214885934,39.706312407475,38.5694539240576,40.2650649198533,38.2444962184103,34.9895669307295,36.0449128865642,37.1091633158173,33.7670749991763,31.907703348878,34.1954182018586,33.6475632698714,29.8840054209606,30.2596087714299,28.2502237336273,30.2788448095366
"12",16.917792202294,15.4967526275668,11.9828015088292,10.3648950790638,9.72412679884421,8.79648281985477,6.16102872903544,5.0051142844095,5.51843727879551,3.80861733441416,0,3.78839029140346,5.46409846177757,5.08803862013645,5.92462319476943,8.7005269380653,9.98318416137858,9.94886249779341,10.3796564972064,13.5770760475148,16.409546764003,17.5360729355235,14.4992557395199,13.0343593244931,9.99141336348367,10.3184216816333,10.5372752170568,14.2901659542498,16.7331745344391,18.9403435290915,22.613221552888,22.9357623374502,20.3423715923193,17.6069557561777,13.9589570885507,13.4616357847031,9.96233677407063,11.8267749619243,12.9441293256827,11.4912551968878,13.8034423967357,13.4413257530647,16.1048586457628,17.1481615049544,19.9853336474526,22.8065874913368,23.4798843693916,25.9736057373635,29.3106228524745,29.0998008412429,30.5755831015534,27.0400551959496,27.0019087103116,26.5866856527849,24.968727660816,21.6651490878784,20.8346911664176,19.0750626735537,17.0920956585201,16.0211403776385,13.3249379360656,14.3533950339284,12.7362864681979,15.3548201226846,15.4598445658422,15.5879535860228,12.2440728926285,11.4561491348533,15.2922634361301,15.7040686447812,14.2204574469319,13.4624733611621,16.6087941765801,16.5551394134873,19.3684655303408,20.7848077691375,22.1731668915381,25.0279930078303,25.7764357117116,26.1952909126812,29.2068100791579,28.1572796626379,29.6052807620532,26.4429776311217,25.4045307966906,27.1928722094596,29.3367965020041,26.9122853173044,24.1781242241825,22.334530955451,21.1666866089145,20.9096098959306,21.4749618393142,17.9069919305281,17.1646387960831,20.0240157061465,19.9852772560202,23.6297958730075,22.7814040392597,20.2442237193724,17.1113457682323,15.6593635247414,12.8178820013292,11.7002607663248,11.1693730352245,7.70391601719541,7.2970295326249,8.40354324080028,11.1081258995386,12.1191840071846,12.7990953586572,14.757917502141,16.5173859917361,17.6160489894868,18.7554957545782,20.7275531358624,22.1700403923854,23.6977244899167,26.4707429816392,26.6205098373416,27.5390569736874,29.0377748630986,32.3701119862135,33.6843438558628,31.4793758038497,31.0072289797073,29.2555057553275,31.7174239811495,35.4294248471521,35.5819684812406,33.4302350575045,34.7510587752373,38.3232297960389,38.0977209423346,36.2169591351897,41.9063384465882,41.3010324568285,38.6010119426939,39.7695082820997,39.4045526684418,35.9465727295385,34.7837105841226,36.5308357008158,34.559897236537,31.2637429940818,32.3577614336962,33.5203879154165,30.200692409281,28.31942141005,30.7366320536262,30.3003255098027,26.5495308809779,26.9708677094379,25.2139006700669,27.52049986828
"13",18.2705814904726,17.354007174137,14.0710626819725,11.9990395032269,10.3051414837449,10.0144537045213,8.54922955593075,6.09822056013063,5.10668160354647,5.32644393568542,3.78839029140346,0,3.84613741304182,5.4235772327865,4.99173647140952,6.39658080539909,8.87852797483908,9.82739721391173,10.0843995359169,13.4369107684765,15.5429517145232,16.2202721617117,13.3063085038639,11.1091492923626,8.08896371607637,7.44495728664712,7.89309989801219,11.6591842767837,13.8409715338194,16.4310954595243,19.9304241299577,20.1195956470303,17.2178724876217,14.7525717757956,11.1680901679741,11.4120994124657,8.56432898714196,11.3025630279154,11.8092523472064,9.90114230783499,11.8724215305893,11.9295335617115,14.6624413042303,16.3813891352351,19.1481387607255,22.3583586159628,23.4355377365231,25.6883907242163,29.2286815474116,29.0932679154474,30.3055662709015,26.6378726628085,26.3486736098803,25.4126167287039,23.7725684350682,20.2485445896736,19.6914836668038,17.6273323279502,16.1308931246847,15.0682748183062,13.0663634573664,14.3580330825639,13.422178213688,16.3463643052515,16.61382945019,17.5366876575937,14.4107017178207,14.2997251022528,18.1202900087167,18.0653353414765,16.351388045056,14.7667919332535,17.3908287611603,16.9215405327056,19.147956810062,20.1575026478976,20.9416857248885,23.784571869176,25.0746053807433,25.6813458564772,28.9220456745369,28.3520227320733,30.2135412356777,27.2809605952576,25.8102762092931,27.4984962134296,29.2066577683925,26.6560382277637,23.905076992137,22.589724522446,21.8219485151991,22.5641699382007,23.6742653740301,20.3359327546095,19.1848045598593,22.2256929700741,22.5166530816638,26.2428440912947,25.4809672304644,23.1082370379049,19.9663283805511,18.9475572304189,16.2132886855197,15.3383176065695,14.3798930107286,10.6790516901081,9.02446125815829,9.86439121284228,13.2392488457616,13.7958988108785,13.5218167788208,15.8222449102521,18.0211603677455,18.4989099408587,19.2578076114598,21.7701581528477,23.1974726640641,24.1484040259393,27.0663455050733,27.7137866232675,28.6133804713809,30.4630723007382,33.5984254541786,35.223960084011,32.9539610669188,32.058573673824,30.081031165836,32.1824191912292,35.8687361639632,35.6921353522033,33.640497930322,35.3454635703084,38.7704313233681,38.3096678398547,36.6863364755872,42.3877126181633,41.5613462366175,38.9321903057097,39.8013775138499,39.2305331852627,35.935747522488,34.6651238134238,36.0494915636823,34.0120718275144,30.8219919700204,31.6333787003538,32.4883148377998,29.1911404881687,27.2722795526887,29.323084609229,28.6996011296324,24.9216945852404,25.21621823351,23.0500991321079,24.9839683397174
"14",19.8980114835629,18.8360496389238,15.3132698010582,14.0898312977835,12.0899777501863,10.6632723870302,9.74811381755466,8.56057690812949,6.20948548593199,4.97980541788532,5.46409846177757,3.84613741304182,0,3.8058456353352,5.54847330353134,5.57270105065757,6.81104529422614,8.85137780235371,10.523843071806,14.2945986302519,16.2883772365451,17.6061588655788,15.2910207965328,13.4752146921672,11.1213143557765,10.4890698348328,11.1432923770311,14.7392215194697,16.3593002906604,18.9414848678766,22.3076415830988,21.9360815552824,18.8776691887531,16.304517748158,13.1487877387993,14.1621299951667,11.5567728194336,14.6169420194513,15.4430481447155,13.6280351481789,15.3865933201602,15.2563668676392,17.5907303998441,19.1051212767677,21.4415836402072,24.7246736884433,25.4316798108186,27.3296639386583,30.919661964517,31.2025675385857,32.6971799089769,29.1311813869606,28.4588272773141,27.4722924780587,26.2480228017274,22.8102484203921,22.7130670760248,20.8881919753721,19.7020225865265,18.8397841548145,16.903333014527,18.1278080583395,16.9198442368717,19.5561221360473,19.3169138839515,20.0570413820184,17.0732474063958,16.6137867146536,20.4373962382687,20.9309220054923,19.4956129936968,18.2940791787944,21.1030983507162,20.6647794326482,22.9285547080491,23.7926589098402,24.5354574850358,27.3293793196992,28.7033732164009,29.1395040795138,32.3078148286138,31.669845184339,33.559485648621,30.6729479183205,29.3722674133271,31.2065996064935,32.9552605967545,30.4674390292325,27.6495068129614,26.3487662899044,25.412369547132,25.7356944728523,26.5968392483017,23.0893375392193,22.3412700847557,25.3427633260463,25.4091135421919,29.077304293899,28.1973033817066,25.5766120899544,22.5384940490708,21.0310934095211,18.1183218593776,16.7297806919278,16.3764875965513,12.8669344445365,11.9649055157155,12.0449449562877,15.32864902723,16.6276383470413,16.3646373012053,18.0825833607922,20.567093231665,21.4639421821808,21.8743758996685,24.180582685287,26.0070160341397,27.0049859470432,29.6674810187855,30.3357076067133,31.5536166389845,33.4387177535264,36.6910626447368,38.3171967267962,36.2117778768179,35.4597638599018,33.6462919353679,35.7904754369092,39.4522467421058,39.219687772852,37.0240952354004,38.6965872655458,42.1418231926432,41.5603519835913,39.7934966671691,45.5360942769579,44.5829182759496,41.7993834763146,42.5573859747048,42.1822151504636,38.9346242180402,37.4243017570135,38.834137675504,37.0164692670708,33.71557981112,34.2731465290247,35.2781606946848,32.1407457598606,29.9433962836549,31.8374060815262,31.4594101343302,27.6586548841407,27.5381547130522,25.1487690951267,26.8692866485138
"15",21.4442120396157,19.9799968718716,16.2997416237191,15.1962941206072,14.0656934773939,12.4442207068181,10.4640086964796,9.78155815808504,8.677549942236,6.12959452166291,5.08803862013645,5.4235772327865,3.8058456353352,0,3.80620821816148,5.48214155234977,5.21373580074787,5.83745989279584,7.85724620970986,11.6119902256245,14.114145882766,16.0216159921526,13.8763903087222,12.9770337905085,11.0751228435625,11.7331971346262,13.1099425628032,16.8531197705351,19.0432510617279,21.7697376189976,25.1917521423183,25.1826527792447,22.1005457172442,19.6732573307015,16.2946698647134,16.8046199302454,13.83258981536,16.3123591488172,16.9234696501634,14.7426098435793,16.1746283110308,15.1844593252443,17.0281979375388,17.8027338911753,19.870642767661,22.8977490160059,23.1142670011402,24.9834730572032,28.4521884044092,28.9026584244426,30.7353571802899,27.3405275369734,26.6100080608781,26.0298717822428,25.083624020464,21.9180919333778,21.9628578513817,20.7008096701554,19.5270926919498,19.193941908842,17.1174798962932,18.7679483694942,17.6054458052047,20.3941663717839,20.4836411069907,20.6018272005179,17.2586354617044,16.1659643077671,19.9380000501555,20.4986167582108,18.7756424390752,18.0341231558399,20.9258609619772,20.2421829850439,22.7407372791649,23.4731543896427,24.71532384979,27.4288443978233,28.4287647462917,28.4043333841863,31.2984641476223,30.3028387614098,32.0593017391209,29.215757751597,28.3316299213441,30.5275499508231,32.5632661445378,30.4073542749119,27.3470221779264,25.8963652661913,24.4329764662433,24.0154186097182,24.6737055790167,21.0956565434689,20.9218163169453,24.0562618459311,24.291187414369,27.7658995172136,26.4570337150634,23.507910094264,20.8169935629524,19.2372822144917,16.7071681023446,14.6539544492263,14.1851643980604,10.8409730651819,10.4468813049637,9.61031581166822,12.6443543923761,14.6349218651826,14.4741223913576,15.5330100753202,18.1316482703587,19.5415541603016,19.7326191875281,21.654705216188,23.818442644304,25.0434734611635,27.4012831998795,27.9126830849347,29.4371859728473,31.3026956666674,34.6938508240293,36.3061358726042,34.4776971678794,33.9595932837836,32.5095342015231,34.7858638098869,38.3828204800012,38.1793112300366,35.7149676886316,37.1790929555846,40.6920800525115,40.0561132912318,38.0069300259834,43.7716608206726,42.7880698442919,39.8276199389318,40.6504803169655,40.5772297970179,37.2823970527647,35.624681458225,37.2989437383956,35.7342196500777,32.2583520192833,32.814973929595,34.199878757095,31.1908066102818,28.7859083233446,30.903400476323,30.9203748198498,27.1240657166288,26.8278235792619,24.7776801577549,26.8828396193557
"16",22.5920857160201,21.341246121068,17.8781995737826,16.0023652626729,14.9439799919566,14.2529683224232,12.0538950966067,10.2561971997422,9.80940762737485,8.44018755715772,5.92462319476943,4.99173647140952,5.54847330353134,3.80620821816148,0,3.79599855110616,5.37241789141538,5.09098782163148,5.21856273316706,8.84427622816022,11.0832062599232,12.5089229752205,10.1691146615622,9.18860049191388,7.59938872541732,8.88465767489102,11.0973006177178,14.6865550419423,17.2664399920771,20.3236819744848,23.5855452555161,24.0262127269364,20.8176114383951,18.878290044387,15.3818977697812,15.7444007189858,13.0958417064349,15.3857955920388,15.1588043064089,12.3617984937468,13.1303650368145,11.739019124271,13.3178262490543,14.1823322130036,16.2503731957146,19.4216093308459,19.9307336041602,21.8269300406631,25.3890440150865,25.7175514580996,27.3468424137047,23.8694180280961,23.1235781400717,22.3856044367803,21.3512163822111,18.1385661230429,18.2815013606651,17.1130675216339,16.2500694767746,16.3315533553915,14.7530960479487,16.9879608252433,16.5725888442331,19.8208933451548,20.576135740221,20.9612216485586,17.4386459623447,16.6424806143796,20.4002525719659,20.2585591787768,17.9513379445656,16.6707857343318,19.0609159276253,17.8076101990132,19.942843453229,20.2714132215788,21.4151507582833,24.040104117911,25.1547688122948,25.0249626972749,27.9471484591899,27.1581819347319,29.1736353065572,26.5405434382945,25.4773248399435,27.7692809233513,29.6082912205348,27.5841672885008,24.3747460089331,23.271548315486,21.8452719369661,22.0247213376242,23.2026756646728,19.8877976659056,19.4794788687993,22.903059206141,23.6984265089478,27.1611262100819,25.7139927276959,22.8616392675591,20.3001442852015,19.4081102119707,17.318083583353,15.4902630707164,14.0693218742056,10.4268581077907,8.81433514225548,7.57513900862552,11.1689726027061,12.6654156268162,11.6924231021632,12.9998317296802,15.9058386764106,16.8233129317623,16.7299987148834,19.0490214709313,21.1610597796991,21.9862603914354,24.4459067739366,25.3004442648741,26.8016550794909,28.9568985390356,32.1897592100345,34.0802241923377,32.2717870128073,31.4410108775147,29.9498468276551,31.9704141981301,35.5063696398266,35.0627671611925,32.5838955313818,34.2661844097063,37.6814728215339,36.8715090144138,34.9500372102806,40.7190861144992,39.5970174886948,36.6796844452075,37.3505701295174,37.1679405267497,33.9535165041855,32.2510318904682,33.7668488461686,32.1786290727247,28.7403476318572,29.2057247984021,30.4926249771974,27.4990934032379,25.077432583899,27.1321539506173,27.1275952859814,23.3309013542126,23.0355697346517,21.0174531996624,23.2191314437039
